s049c\s049c0.dat
500.0	280.0
1500.0	280.0
5000.0	280.0
15000.0	188.46153846153845
50000.0	206.65551839464882
150000.0	223.7123745819398
500000.0	241.33779264214047

s049c\s049c1000.dat
500.0	280.0
1500.0	204.38127090301003
5000.0	184.48160535117057
15000.0	193.57859531772573
50000.0	212.3411371237458
150000.0	227.12374581939798
500000.0	243.61204013377926

s049c\s049c1250.dat
500.0	264.0802675585284
1500.0	230.53511705685617
5000.0	194.71571906354512
15000.0	198.69565217391303
50000.0	215.1839464882943
150000.0	229.39799331103677
500000.0	246.45484949832775

s049c\s049c1500.dat
500.0	251.00334448160535
1500.0	239.63210702341135
5000.0	207.22408026755852
15000.0	204.38127090301003
50000.0	218.5953177257525
150000.0	232.24080267558526
500000.0	249.86622073578593

s049c\s049c1750.dat
500.0	248.16053511705684
1500.0	243.61204013377926
5000.0	218.0267558528428
15000.0	211.2040133779264
50000.0	222.5752508361204
150000.0	235.65217391304347
500000.0	255.55183946488293

s049c\s049c2000.dat
500.0	248.72909698996654
1500.0	246.45484949832775
5000.0	226.55518394648828
15000.0	218.0267558528428
50000.0	226.55518394648828
150000.0	239.63210702341135
500000.0	280.0

s049c\s049c2250.dat
500.0	259.5317725752508
1500.0	252.70903010033445
5000.0	235.08361204013377
15000.0	224.8494983277592
50000.0	231.67224080267556
150000.0	245.31772575250835
500000.0	264.0802675585284

s049c\s049c250.dat
500.0	195.85284280936455
1500.0	110.0
5000.0	166.8561872909699
15000.0	185.05016722408027
50000.0	204.94983277591973
150000.0	222.5752508361204
500000.0	239.06354515050165

s049c\s049c2500.dat
500.0	264.6488294314381
1500.0	258.96321070234114
5000.0	243.61204013377926
15000.0	231.67224080267556
50000.0	237.92642140468226
150000.0	252.14046822742475
500000.0	271.4715719063545

s049c\s049c2750.dat
500.0	276.5886287625418
1500.0	270.3344481605351
5000.0	251.00334448160535
15000.0	240.20066889632105
50000.0	245.88628762541805
150000.0	265.2173913043478

s049c\s049c3000.dat
500.0	280.0
1500.0	280.0
5000.0	273.17725752508363
15000.0	258.3946488294314
50000.0	272.04013377926424
150000.0	270.90301003344484

s049c\s049c500.dat
500.0	196.0
1500.0	110.0
5000.0	171.40468227424748
15000.0	187.32441471571906
50000.0	207.22408026755852
150000.0	223.7123745819398
500000.0	240.20066889632105

s049c\s049c750.dat
500.0	280.0
1500.0	164.5819397993311
5000.0	176.52173913043478
15000.0	190.16722408026754
50000.0	209.4983277591973
150000.0	225.4180602006689
500000.0	241.90635451505017

