s049c\s049c0.dat
3141.592653589793	280.0
9424.77796076938	280.0
31415.926535897932	280.0
94247.7796076938	188.0
314159.2653589793	206.0
942477.7960769379	224.0
3141592.653589793	242.0

s049c\s049c1000.dat
3141.592653589793	280.0
9424.77796076938	204.0
31415.926535897932	184.0
94247.7796076938	194.0
314159.2653589793	212.0
942477.7960769379	228.0
3141592.653589793	244.0

s049c\s049c1250.dat
3141.592653589793	264.0
9424.77796076938	230.0
31415.926535897932	194.0
94247.7796076938	198.0
314159.2653589793	216.0
942477.7960769379	230.0
3141592.653589793	246.0

s049c\s049c1500.dat
3141.592653589793	252.0
9424.77796076938	240.0
31415.926535897932	208.0
94247.7796076938	204.0
314159.2653589793	218.0
942477.7960769379	232.0
3141592.653589793	250.0

s049c\s049c1750.dat
3141.592653589793	248.0
9424.77796076938	244.0
31415.926535897932	218.0
94247.7796076938	210.0
314159.2653589793	222.0
942477.7960769379	236.0
3141592.653589793	256.0

s049c\s049c2000.dat
3141.592653589793	248.0
9424.77796076938	246.0
31415.926535897932	226.0
94247.7796076938	218.0
314159.2653589793	226.0
942477.7960769379	240.0
3141592.653589793	280.0

s049c\s049c2250.dat
3141.592653589793	260.0
9424.77796076938	252.0
31415.926535897932	236.0
94247.7796076938	224.0
314159.2653589793	232.0
942477.7960769379	246.0
3141592.653589793	264.0

s049c\s049c250.dat
3141.592653589793	196.0
9424.77796076938	110.0
31415.926535897932	166.0
94247.7796076938	186.0
314159.2653589793	206.0
942477.7960769379	222.0
3141592.653589793	240.0

s049c\s049c2500.dat
3141.592653589793	264.0
9424.77796076938	258.0
31415.926535897932	244.0
94247.7796076938	232.0
314159.2653589793	238.0
942477.7960769379	252.0
3141592.653589793	272.0

s049c\s049c2750.dat
3141.592653589793	276.0
9424.77796076938	270.0
31415.926535897932	252.0
94247.7796076938	240.0
314159.2653589793	246.0
942477.7960769379	266.0

s049c\s049c3000.dat
3141.592653589793	280.0
9424.77796076938	280.0
31415.926535897932	274.0
94247.7796076938	258.0
314159.2653589793	272.0
942477.7960769379	272.0

s049c\s049c500.dat
3141.592653589793	196.0
9424.77796076938	110.0
31415.926535897932	172.0
94247.7796076938	188.0
314159.2653589793	206.0
942477.7960769379	224.0
3141592.653589793	240.0

s049c\s049c750.dat
3141.592653589793	280.0
9424.77796076938	164.0
31415.926535897932	176.0
94247.7796076938	190.0
314159.2653589793	210.0
942477.7960769379	226.0
3141592.653589793	242.0

